function c0 = getC0()
	c0 = 2.99792458E8; % m*s^-1
end
