peak 1:
xmin=623.8656987295826
xmax=649.4555353901997
lambda=634.7730 nm
